spawns:
  default:
    world: 9a8900e4-9bd7-41fb-ac29-afb22811dd6b
    x: -2.0034901411200465
    y: 2.665955196075216
    z: -0.9692799635683598
    yaw: -168.14991760253906
    pitch: 8.250001907348633
    world-name: spawn
