world: 9a8900e4-9bd7-41fb-ac29-afb22811dd6b
world-name: spawn
x: 43.45607016482475
y: -4.0
z: -64.49862332339617
yaw: 135.24356079101562
pitch: -3.1098029613494873
name: crates
lastowner: c6849cb3-e5b0-3412-9f6a-2f052e733e2c
