world: 9a8900e4-9bd7-41fb-ac29-afb22811dd6b
world-name: spawn
x: -46.54219241081666
y: -22.0
z: -54.541896359990126
yaw: 44.50597381591797
pitch: 2.3796486854553223
name: END
lastowner: c6849cb3-e5b0-3412-9f6a-2f052e733e2c
