world: 9a8900e4-9bd7-41fb-ac29-afb22811dd6b
world-name: spawn
x: 59.52234161658829
y: -6.0
z: -47.46272507684044
yaw: 57.25215148925781
pitch: -11.44357681274414
name: LeaderBoards
lastowner: c6849cb3-e5b0-3412-9f6a-2f052e733e2c
