world: 9a8900e4-9bd7-41fb-ac29-afb22811dd6b
world-name: spawn
x: 17.45812005768619
y: 2.0
z: -20.48417072874014
yaw: -126.69023895263672
pitch: -0.8478960990905762
name: Parkour
lastowner: c6849cb3-e5b0-3412-9f6a-2f052e733e2c
